Variables: 324
omega_: 1.74058
Solution vector: 2.1341 1.47527 1.23068 1.14769 1.13426 1.1518 1.18192 1.21505 1.24609 1.27279 1.29507 1.3152 1.33856 1.37571 1.44757 1.59888 1.93738 2.76003 2.91207 2.24156 1.86587 1.6625 1.55739 1.50919 1.49482 1.50129 1.52161 1.55278 1.59509 1.65226 1.73245 1.85069 2.03387 2.33039 2.82729 3.66884 3.27263 2.71304 2.32872 2.07905 1.92361 1.83276 1.78686 1.7737 1.78627 1.82162 1.88025 1.9663 2.08828 2.26074 2.50684 2.86152 3.37254 4.08807 3.46539 3.00925 2.65692 2.40138 2.22525 2.11135 2.04619 2.02036 2.02817 2.06718 2.13801 2.24439 2.39362 2.59716 2.87122 3.23631 3.71327 4.31088 3.57969 3.20165 2.88833 2.64431 2.46464 2.34122 2.26618 2.23338 2.23886 2.28093 2.3602 2.47964 2.64466 2.86306 3.14456 3.49922 3.93336 4.44219 3.65172 3.32935 3.05042 2.82288 2.6478 2.5227 2.44392 2.40813 2.41296 2.45747 2.54222 2.66932 2.84232 3.06584 3.34477 3.68263 4.07877 4.52453 3.69784 3.41359 3.16114 2.94899 2.78098 2.65784 2.5787 2.54224 2.54739 2.59378 2.6819 2.81311 2.98946 3.21321 3.48605 3.80777 4.17456 4.57716 3.72606 3.46602 3.23155 3.03097 2.8693 2.74898 2.6708 2.63473 2.64058 2.68835 2.77847 2.91175 3.08919 3.3115 3.57844 3.88784 4.23453 4.60954 3.74039 3.49289 3.26807 3.07404 2.91627 2.79798 2.72077 2.68531 2.69184 2.74058 2.83189 2.96625 3.14404 3.36516 3.62837 3.9306 4.2662 4.62649 3.7426 3.49707 3.27379 3.08085 2.92377 2.8059 2.72901 2.69389 2.70089 2.75024 2.84226 2.9773 3.15557 3.37672 3.63929 3.94001 4.27316 4.6302 3.73296 3.47898 3.24919 3.05179 2.89205 2.77284 2.69548 2.66036 2.66759 2.71724 2.80961 2.94513 3.12422 3.34687 3.61206 3.91698 4.25623 4.62117 3.71027 3.43671 3.19219 2.98508 2.81979 2.69795 2.61969 2.5845 2.59185 2.64153 2.7338 2.8694 3.04931 3.27448 3.54509 3.85963 4.2136 4.59825 3.67141 3.36539 3.09778 2.87657 2.70406 2.57947 2.50083 2.46609 2.47378 2.52322 2.61468 2.74933 2.92916 3.15665 3.43419 3.76284 4.1403 4.55824 3.60997 3.25568 2.95698 2.71934 2.54042 2.41506 2.33806 2.30526 2.31395 2.3629 2.45236 2.58409 2.76133 2.98877 3.27219 3.61723 4.02652 4.49441 3.51279 3.09037 2.7551 2.50341 2.32321 2.2023 2.13108 2.10294 2.11386 2.16206 2.24779 2.37334 2.54329 2.76492 3.04858 3.40735 3.85415 4.39289 3.35084 2.83789 2.46964 2.216 2.04672 1.93983 1.88103 1.86156 1.87648 1.92369 2.00339 2.11819 2.27358 2.47904 2.74987 3.10944 3.58984 4.22298 3.05266 2.44073 2.06958 1.84422 1.70783 1.62928 1.59166 1.58578 1.60683 1.65281 1.7239 1.82246 1.9538 2.12778 2.36241 2.6907 3.1728 3.90919 2.41908 1.8028 1.52371 1.38348 1.31109 1.27779 1.27056 1.28308 1.31225 1.35683 1.41692 1.49397 1.59136 1.71587 1.88131 2.11814 2.50146 3.24098 
