Variables: 100
omega_: 1.61379
Solution vector: 2.03534 1.29292 0.990052 0.882734 0.887864 0.978328 1.15426 1.44302 1.92783 2.85265 2.84015 2.11324 1.71017 1.52079 1.48378 1.57366 1.79074 2.16107 2.74622 3.65631 3.21204 2.60972 2.21661 2.00646 1.95282 2.0418 2.27399 2.66427 3.23968 4.02639 3.3983 2.89697 2.54008 2.33564 2.27922 2.36672 2.59914 2.98235 3.52185 4.20955 3.48417 3.0398 2.71111 2.51679 2.4617 2.54672 2.7735 3.14416 3.65582 4.28995 3.4986 3.06694 2.74777 2.5587 2.50409 2.58497 2.80397 3.16496 3.6673 4.29444 3.44329 2.98159 2.65432 2.46615 2.41097 2.48512 2.69246 3.04439 3.554 4.22052 3.29297 2.7618 2.42179 2.24059 2.18854 2.25206 2.43636 2.76615 3.28379 4.03363 2.96677 2.35087 2.03044 1.8859 1.85053 1.89821 2.03477 2.30006 2.78138 3.63021 2.22325 1.64449 1.46318 1.42205 1.42947 1.45549 1.50445 1.61793 1.91145 2.70585 
