Variables: 324
omega_: 1.74058
Solution vector: 2.01375 1.24017 0.890242 0.714483 0.623543 0.581156 0.570902 0.584757 0.618759 0.671255 0.742258 0.83345 0.948817 1.0964 1.29262 1.57375 2.02913 2.90822 2.81207 2.0456 1.58139 1.29983 1.12928 1.03046 0.98196 0.972083 0.994649 1.04699 1.12915 1.24383 1.39728 1.60122 1.87707 2.26412 2.83399 3.70623 3.18892 2.54877 2.08988 1.77415 1.56329 1.42944 1.3544 1.32696 1.34076 1.39292 1.4835 1.61546 1.79524 2.03412 2.35032 2.77169 3.33647 4.08272 3.39483 2.87067 2.45523 2.14362 1.92029 1.7696 1.67923 1.64062 1.6485 1.70044 1.79649 1.93925 2.13411 2.3897 2.7184 3.13583 3.65749 4.28816 3.51974 3.08385 2.71674 2.42481 2.20465 2.04944 1.9523 1.90777 1.9122 1.96383 2.06276 2.21096 2.41223 2.67219 2.99775 3.39574 3.86949 4.41245 3.60029 3.22824 2.90307 2.63422 2.42407 2.2712 2.17277 2.12597 2.1287 2.17991 2.27977 2.42958 2.63168 2.88907 3.20467 3.5799 4.01228 4.49214 3.65317 3.32576 3.03309 2.78493 2.58621 2.43851 2.34163 2.29464 2.2967 2.34736 2.44683 2.59593 2.79584 3.04773 3.35195 3.70692 4.10757 4.54385 3.68665 3.38853 3.11858 2.88621 2.69732 2.55501 2.46057 2.41428 2.41608 2.46599 2.56428 2.71145 2.90801 3.15405 3.4485 3.78826 4.16725 4.57567 3.70488 3.42314 3.1665 2.94402 2.76184 2.62365 2.53137 2.48583 2.48736 2.53625 2.63284 2.77757 2.97072 3.21197 3.49972 3.83037 4.19751 4.59157 3.70972 3.43264 3.18028 2.96151 2.78236 2.64639 2.55544 2.51029 2.5113 2.5588 2.65325 2.79527 2.98534 3.22338 3.50806 3.83597 4.20085 4.5931 3.70138 3.41742 3.16045 2.93939 2.75969 2.62412 2.53369 2.48858 2.48875 2.5344 2.62611 2.76492 2.95198 3.18815 3.47315 3.80461 4.17683 4.57999 3.6784 3.37518 3.10473 2.87592 2.69291 2.55669 2.46663 2.4216 2.42074 2.46391 2.55188 2.6863 2.86952 3.10408 3.3918 3.73247 4.12189 4.55002 3.63701 3.3002 3.00736 2.76664 2.57933 2.44312 2.35454 2.31043 2.30869 2.34864 2.4312 2.55889 2.73573 2.96683 3.25751 3.61157 4.02824 4.49819 3.56946 3.18124 2.85786 2.60396 2.41465 2.2819 2.19798 2.1569 2.15495 2.19076 2.26538 2.38233 2.54768 2.77 3.05986 3.42804 3.88132 4.41449 3.45957 2.99746 2.63888 2.37669 2.19342 2.07187 1.99857 1.96425 1.96344 1.99407 2.05724 2.15738 2.30266 2.50564 2.78388 3.15942 3.65452 4.27845 3.27136 2.71015 2.3235 2.07049 1.91046 1.81358 1.76019 1.73809 1.74051 1.76483 1.81212 1.88729 1.99993 2.16601 2.4106 2.77123 3.29889 4.04479 2.91573 2.24828 1.87448 1.67133 1.56433 1.51181 1.49051 1.48741 1.49566 1.51261 1.53913 1.57974 1.64377 1.74787 1.92127 2.21601 2.72504 3.60182 2.14327 1.49276 1.2548 1.17602 1.16373 1.17883 1.20263 1.22539 1.24212 1.25084 1.25203 1.24877 1.24753 1.26043 1.3106 1.44649 1.78342 2.63746 
